    0.000000  297.753555
    4.000000  297.126678
    8.000000  293.646271
   12.000000  302.688324
   16.000000  295.923737
   20.000000  301.102966
   24.000000  297.789459
   28.000000  300.389832
   32.000000  299.261200
   36.000000  297.159607
   40.000000  303.129272
   44.000000  298.633270
   48.000000  301.059113
   52.000000  300.689636
   56.000000  301.508453
   60.000000  303.324890
   64.000000  295.125427
   68.000000  303.402191
   72.000000  295.654877
   76.000000  295.251312
   80.000000  300.613342
   84.000000  299.447357
   88.000000  295.092590
   92.000000  298.311981
   96.000000  297.694946
  100.000000  304.235260
  104.000000  291.168945
  108.000000  299.907562
  112.000000  299.851227
  116.000000  291.490448
  120.000000  296.977295
  124.000000  304.797302
  128.000000  307.175690
  132.000000  299.996796
  136.000000  300.167450
  140.000000  300.576935
  144.000000  303.376526
  148.000000  299.805176
  152.000000  294.354614
  156.000000  294.525909
  160.000000  300.038239
  164.000000  293.935425
  168.000000  302.370148
  172.000000  300.847900
  176.000000  301.177673
  180.000000  297.247314
  184.000000  303.848755
  188.000000  299.537537
  192.000000  295.772278
  196.000000  294.948242
  200.000000  299.575775
  204.000000  294.119537
  208.000000  298.159332
  212.000000  302.171844
  216.000000  297.393097
  220.000000  300.490692
  224.000000  302.229797
  228.000000  299.073425
  232.000000  308.325745
  236.000000  298.506622
  240.000000  299.566711
  244.000000  295.857147
  248.000000  305.866486
  252.000000  293.875702
  256.000000  296.671906
  260.000000  290.461639
  264.000000  298.474945
  268.000000  296.311371
  272.000000  301.211609
  276.000000  303.459473
  280.000000  299.386139
  284.000000  299.561371
  288.000000  296.478180
  292.000000  301.577393
  296.000000  300.952057
  300.000000  306.478241
  304.000000  299.962952
  308.000000  304.462128
  312.000000  297.575806
  316.000000  300.335754
  320.000000  306.204742
  324.000000  298.369690
  328.000000  295.928406
  332.000000  301.660706
  336.000000  297.470642
  340.000000  299.390656
  344.000000  298.507141
  348.000000  301.217499
  352.000000  299.784760
  356.000000  300.732574
  360.000000  294.656769
  364.000000  302.567108
  368.000000  300.111511
  372.000000  304.422607
  376.000000  302.403503
  380.000000  303.791351
  384.000000  291.061340
  388.000000  301.322510
  392.000000  309.769409
  396.000000  308.150299
  400.000000  306.524353
  404.000000  303.678589
  408.000000  303.752838
  412.000000  303.917328
  416.000000  297.554657
  420.000000  295.415039
  424.000000  304.779419
  428.000000  300.705688
  432.000000  298.187042
  436.000000  304.093933
  440.000000  295.756744
  444.000000  304.605255
  448.000000  295.292328
  452.000000  298.086761
  456.000000  314.246582
  460.000000  297.972961
  464.000000  304.004822
  468.000000  291.882080
  472.000000  293.378906
  476.000000  302.805847
  480.000000  303.119202
  484.000000  303.938110
  488.000000  303.914825
  492.000000  302.255188
  496.000000  301.142212
  500.000000  301.862366
  504.000000  297.866821
  508.000000  297.500732
  512.000000  301.041260
  516.000000  294.806305
  520.000000  293.790222
  524.000000  293.203156
  528.000000  299.748566
  532.000000  293.174805
  536.000000  296.859100
  540.000000  295.996674
  544.000000  296.041016
  548.000000  300.093140
  552.000000  306.816376
  556.000000  295.466309
  560.000000  296.522278
  564.000000  299.789093
  568.000000  298.768921
  572.000000  297.321808
  576.000000  296.823425
  580.000000  296.658691
  584.000000  302.217743
  588.000000  305.840118
  592.000000  300.072174
  596.000000  297.637268
  600.000000  301.500122
  604.000000  309.372589
  608.000000  295.871338
  612.000000  300.664185
  616.000000  303.097168
  620.000000  292.912201
  624.000000  296.080566
  628.000000  300.630920
  632.000000  298.104950
  636.000000  295.053894
  640.000000  304.068085
  644.000000  296.202209
  648.000000  290.880157
  652.000000  306.598511
  656.000000  295.343781
  660.000000  295.123718
  664.000000  301.142639
  668.000000  299.430695
  672.000000  302.480194
  676.000000  298.291656
  680.000000  302.129089
  684.000000  303.195557
  688.000000  300.118591
  692.000000  303.119171
  696.000000  301.796967
  700.000000  306.631165
  704.000000  302.118744
  708.000000  306.846313
  712.000000  300.678955
  716.000000  298.527557
  720.000000  301.206604
  724.000000  300.306732
  728.000000  305.408722
  732.000000  298.371918
  736.000000  297.118896
  740.000000  301.357727
  744.000000  301.216766
  748.000000  298.328400
  752.000000  294.902008
  756.000000  299.803040
  760.000000  308.555725
  764.000000  298.921722
  768.000000  303.769440
  772.000000  302.396851
  776.000000  300.071198
  780.000000  298.427063
  784.000000  307.743317
  788.000000  305.031830
  792.000000  307.892487
  796.000000  303.071869
  800.000000  302.241302
  804.000000  299.560028
  808.000000  302.221954
  812.000000  296.091736
  816.000000  296.264893
  820.000000  299.992096
  824.000000  300.312775
  828.000000  300.792816
  832.000000  296.642944
  836.000000  295.335297
  840.000000  300.453857
  844.000000  301.694000
  848.000000  305.714508
  852.000000  303.076630
  856.000000  299.688538
  860.000000  300.502930
  864.000000  301.385651
  868.000000  303.507935
  872.000000  302.538788
  876.000000  299.490204
  880.000000  302.148468
  884.000000  298.928558
  888.000000  300.924164
  892.000000  302.287659
  896.000000  295.415924
  900.000000  287.649323
  904.000000  300.358582
  908.000000  303.403931
  912.000000  294.212250
  916.000000  300.247284
  920.000000  300.533508
  924.000000  300.306091
  928.000000  299.528473
  932.000000  300.214844
  936.000000  292.384491
  940.000000  303.356995
  944.000000  293.054413
  948.000000  302.563324
  952.000000  301.259460
  956.000000  299.052612
  960.000000  302.133301
  964.000000  305.092926
  968.000000  292.918976
  972.000000  299.803406
  976.000000  303.083008
  980.000000  299.278656
  984.000000  299.706635
  988.000000  302.273865
  992.000000  301.824219
  996.000000  299.116760
 1000.000000  298.662506
 1004.000000  306.261169
 1008.000000  296.271576
 1012.000000  303.492401
 1016.000000  300.758789
 1020.000000  306.171906
 1024.000000  303.433502
 1028.000000  304.351074
 1032.000000  297.888367
 1036.000000  298.781311
 1040.000000  295.091064
 1044.000000  301.214935
 1048.000000  302.131317
 1052.000000  297.743896
 1056.000000  298.774536
 1060.000000  303.793152
 1064.000000  299.014008
 1068.000000  297.772980
 1072.000000  299.336792
 1076.000000  301.272430
 1080.000000  298.307251
 1084.000000  305.854614
 1088.000000  304.638458
 1092.000000  295.911591
 1096.000000  297.845917
 1100.000000  300.774139
 1104.000000  297.642731
 1108.000000  299.597443
 1112.000000  307.828552
 1116.000000  304.593719
 1120.000000  300.436218
 1124.000000  303.985474
 1128.000000  296.830627
 1132.000000  301.338837
 1136.000000  304.878021
 1140.000000  298.758118
 1144.000000  302.794678
 1148.000000  304.381775
 1152.000000  309.948975
 1156.000000  297.391846
 1160.000000  300.523071
 1164.000000  298.286957
 1168.000000  295.270569
 1172.000000  301.678741
 1176.000000  307.175018
 1180.000000  298.818909
 1184.000000  293.258514
 1188.000000  303.417969
 1192.000000  299.723236
 1196.000000  305.611572
 1200.000000  303.112671
 1204.000000  301.084961
 1208.000000  302.814667
 1212.000000  304.545135
 1216.000000  293.755463
 1220.000000  299.657074
 1224.000000  288.814575
 1228.000000  302.090668
 1232.000000  302.555511
 1236.000000  303.131989
 1240.000000  300.724030
 1244.000000  304.101532
 1248.000000  296.713165
 1252.000000  299.061920
 1256.000000  294.462372
 1260.000000  298.386169
 1264.000000  297.620270
 1268.000000  303.732391
 1272.000000  303.006226
 1276.000000  296.601135
 1280.000000  299.810699
 1284.000000  296.927795
 1288.000000  299.464539
 1292.000000  302.096619
 1296.000000  301.805145
 1300.000000  298.160400
 1304.000000  307.648468
 1308.000000  294.653107
 1312.000000  294.763580
 1316.000000  302.461151
 1320.000000  297.760712
 1324.000000  302.736938
 1328.000000  301.566162
 1332.000000  307.283356
 1336.000000  298.398743
 1340.000000  300.405579
 1344.000000  300.721771
 1348.000000  299.054199
 1352.000000  296.192322
 1356.000000  297.384491
 1360.000000  300.057007
 1364.000000  299.580231
 1368.000000  299.268738
 1372.000000  305.570129
 1376.000000  301.798615
 1380.000000  300.232605
 1384.000000  301.047577
 1388.000000  301.234863
 1392.000000  300.867615
 1396.000000  300.649139
 1400.000000  298.812622
 1404.000000  303.217896
 1408.000000  301.869049
 1412.000000  301.311035
 1416.000000  301.972839
 1420.000000  296.235931
 1424.000000  301.014771
 1428.000000  299.899811
 1432.000000  302.817505
 1436.000000  297.084808
 1440.000000  307.413940
 1444.000000  306.199738
 1448.000000  300.847260
 1452.000000  304.582916
 1456.000000  302.346527
 1460.000000  292.024139
 1464.000000  299.194122
 1468.000000  299.892212
 1472.000000  303.612000
 1476.000000  303.958984
 1480.000000  302.277588
 1484.000000  296.755768
 1488.000000  306.602356
 1492.000000  301.569855
 1496.000000  308.647064
 1500.000000  308.223999
 1504.000000  296.228882
 1508.000000  299.534546
 1512.000000  301.449951
 1516.000000  298.293488
 1520.000000  302.207245
 1524.000000  304.375793
 1528.000000  311.005981
 1532.000000  301.317963
 1536.000000  300.445129
 1540.000000  300.643005
 1544.000000  297.116486
 1548.000000  296.741821
 1552.000000  300.407837
 1556.000000  302.836487
 1560.000000  294.474884
 1564.000000  295.623169
 1568.000000  296.372772
 1572.000000  298.769897
 1576.000000  300.745392
 1580.000000  299.788544
 1584.000000  301.116394
 1588.000000  300.452026
 1592.000000  299.336090
 1596.000000  299.650085
 1600.000000  298.886658
 1604.000000  291.105988
 1608.000000  300.859741
 1612.000000  302.163300
 1616.000000  298.535126
 1620.000000  301.532806
 1624.000000  304.235413
 1628.000000  297.794739
 1632.000000  301.989868
 1636.000000  299.136200
 1640.000000  297.523010
 1644.000000  293.719421
 1648.000000  301.324371
 1652.000000  303.040955
 1656.000000  299.552490
 1660.000000  301.216034
 1664.000000  298.035583
 1668.000000  297.673645
 1672.000000  298.089874
 1676.000000  302.091827
 1680.000000  306.576324
 1684.000000  295.056732
 1688.000000  293.376007
 1692.000000  299.088623
 1696.000000  299.865875
 1700.000000  307.856110
 1704.000000  301.338043
 1708.000000  302.826355
 1712.000000  298.392426
 1716.000000  299.361664
 1720.000000  298.125031
 1724.000000  299.246765
 1728.000000  302.457611
 1732.000000  298.926788
 1736.000000  304.537445
 1740.000000  300.848236
 1744.000000  293.214020
 1748.000000  296.861603
 1752.000000  300.542633
 1756.000000  303.208557
 1760.000000  293.569031
 1764.000000  302.814758
 1768.000000  300.493988
 1772.000000  294.732910
 1776.000000  296.170685
 1780.000000  301.688293
 1784.000000  290.884552
 1788.000000  298.417877
 1792.000000  311.433350
 1796.000000  297.842285
 1800.000000  299.607147
 1804.000000  298.235413
 1808.000000  299.927460
 1812.000000  304.621246
 1816.000000  300.359894
 1820.000000  298.732819
 1824.000000  301.643921
 1828.000000  302.877594
 1832.000000  300.289581
 1836.000000  293.439972
 1840.000000  295.164856
 1844.000000  299.058594
 1848.000000  301.442657
 1852.000000  293.510895
 1856.000000  296.810364
 1860.000000  292.786011
 1864.000000  300.394196
 1868.000000  299.502930
 1872.000000  296.164368
 1876.000000  296.001495
 1880.000000  299.996552
 1884.000000  298.881134
 1888.000000  292.098572
 1892.000000  302.404327
 1896.000000  298.703369
 1900.000000  300.098114
 1904.000000  304.411865
 1908.000000  303.258881
 1912.000000  305.728149
 1916.000000  302.444916
 1920.000000  303.164001
 1924.000000  307.729706
 1928.000000  303.757141
 1932.000000  301.595581
 1936.000000  303.530731
 1940.000000  297.172577
 1944.000000  307.399384
 1948.000000  296.657135
 1952.000000  303.166321
 1956.000000  306.290680
 1960.000000  300.138306
 1964.000000  297.728851
 1968.000000  305.921570
 1972.000000  293.947998
 1976.000000  301.444275
 1980.000000  297.756805
 1984.000000  295.838104
 1988.000000  297.144073
 1992.000000  301.159760
 1996.000000  304.084839
 2000.000000  301.247589
 2004.000000  295.405090
 2008.000000  306.164337
 2012.000000  302.655762
 2016.000000  300.225098
 2020.000000  299.469330
 2024.000000  294.086761
 2028.000000  299.433289
 2032.000000  292.651154
 2036.000000  299.962708
 2040.000000  299.570435
 2044.000000  302.652100
 2048.000000  297.600464
 2052.000000  304.160034
 2056.000000  302.128113
 2060.000000  295.298767
 2064.000000  298.450439
 2068.000000  299.050110
 2072.000000  298.726227
 2076.000000  303.011719
 2080.000000  303.624451
 2084.000000  301.551575
 2088.000000  302.134216
 2092.000000  296.914673
 2096.000000  295.094940
 2100.000000  294.488892
 2104.000000  302.527466
 2108.000000  296.035767
 2112.000000  299.370056
 2116.000000  295.733521
 2120.000000  295.461426
 2124.000000  305.634308
 2128.000000  305.498047
 2132.000000  293.367493
 2136.000000  305.198975
 2140.000000  300.651123
 2144.000000  305.482361
 2148.000000  302.079132
 2152.000000  297.052826
 2156.000000  302.826050
 2160.000000  303.023743
 2164.000000  300.550812
 2168.000000  300.939606
 2172.000000  298.401764
 2176.000000  297.951538
 2180.000000  297.803070
 2184.000000  297.709381
 2188.000000  303.711945
 2192.000000  292.789215
 2196.000000  302.380585
 2200.000000  296.450592
 2204.000000  301.877441
 2208.000000  297.383881
 2212.000000  298.483246
 2216.000000  304.620758
 2220.000000  299.984375
 2224.000000  298.328491
 2228.000000  301.539612
 2232.000000  304.195984
 2236.000000  298.266479
 2240.000000  302.606537
 2244.000000  295.914001
 2248.000000  296.299591
 2252.000000  299.011292
 2256.000000  302.244171
 2260.000000  299.317047
 2264.000000  295.799622
 2268.000000  298.835724
 2272.000000  300.939087
 2276.000000  298.350433
 2280.000000  303.600586
 2284.000000  295.190369
 2288.000000  303.224152
 2292.000000  299.146606
 2296.000000  301.363770
 2300.000000  305.781891
 2304.000000  296.931885
 2308.000000  308.699585
 2312.000000  292.126343
 2316.000000  300.773865
 2320.000000  309.343231
 2324.000000  300.151123
 2328.000000  298.992920
 2332.000000  294.909149
 2336.000000  293.087372
 2340.000000  298.177979
 2344.000000  300.768341
 2348.000000  294.731323
 2352.000000  297.755768
 2356.000000  297.010925
 2360.000000  297.724030
 2364.000000  294.407135
 2368.000000  297.936981
 2372.000000  301.706604
 2376.000000  288.685028
 2380.000000  296.254791
 2384.000000  304.510193
 2388.000000  299.549347
 2392.000000  292.396912
 2396.000000  305.246094
 2400.000000  295.956787
 2404.000000  303.800995
 2408.000000  295.975800
 2412.000000  300.074707
 2416.000000  299.337494
 2420.000000  297.908783
 2424.000000  296.297607
 2428.000000  299.537628
 2432.000000  300.757843
 2436.000000  307.020691
 2440.000000  301.600861
 2444.000000  299.821350
 2448.000000  299.675934
 2452.000000  303.226959
 2456.000000  306.334656
 2460.000000  302.449310
 2464.000000  302.199890
 2468.000000  298.536163
 2472.000000  297.104309
 2476.000000  301.256958
 2480.000000  301.003632
 2484.000000  308.086426
 2488.000000  298.864655
 2492.000000  301.509552
 2496.000000  296.829926
 2500.000000  297.527130
 2504.000000  307.834015
 2508.000000  298.523895
 2512.000000  295.817261
 2516.000000  307.119476
 2520.000000  301.432098
 2524.000000  295.025269
 2528.000000  295.450378
 2532.000000  292.880768
 2536.000000  292.465790
 2540.000000  296.528198
 2544.000000  297.771454
 2548.000000  299.668213
 2552.000000  301.553558
 2556.000000  307.565186
 2560.000000  300.225189
 2564.000000  304.301544
 2568.000000  305.262482
 2572.000000  308.657806
 2576.000000  295.393188
 2580.000000  298.264069
 2584.000000  301.985870
 2588.000000  300.344910
 2592.000000  303.945923
 2596.000000  296.999298
 2600.000000  303.284393
 2604.000000  300.083008
 2608.000000  301.313507
 2612.000000  304.136932
 2616.000000  304.327667
 2620.000000  307.634369
 2624.000000  296.166595
 2628.000000  299.830597
 2632.000000  306.668915
 2636.000000  301.805389
 2640.000000  300.526215
 2644.000000  295.285370
 2648.000000  299.184296
 2652.000000  301.688416
 2656.000000  304.023956
 2660.000000  304.314880
 2664.000000  305.209900
 2668.000000  298.584015
 2672.000000  300.073639
 2676.000000  300.344635
 2680.000000  296.461945
 2684.000000  292.845123
 2688.000000  298.284210
 2692.000000  293.901642
 2696.000000  298.398834
 2700.000000  297.311920
 2704.000000  303.137543
 2708.000000  297.084259
 2712.000000  302.503632
 2716.000000  300.773682
 2720.000000  307.034332
 2724.000000  301.929504
 2728.000000  299.060181
 2732.000000  301.168152
 2736.000000  303.182861
 2740.000000  301.764343
 2744.000000  301.971069
 2748.000000  301.763855
 2752.000000  298.293182
 2756.000000  300.066559
 2760.000000  296.746246
 2764.000000  298.370453
 2768.000000  298.672424
 2772.000000  297.872070
 2776.000000  296.992645
 2780.000000  301.008240
 2784.000000  300.224609
 2788.000000  303.147003
 2792.000000  299.359528
 2796.000000  296.537018
 2800.000000  292.431091
 2804.000000  298.912262
 2808.000000  299.969513
 2812.000000  297.702606
 2816.000000  295.624451
 2820.000000  301.630432
 2824.000000  299.779297
 2828.000000  304.998016
 2832.000000  309.218842
 2836.000000  303.467896
 2840.000000  300.700043
 2844.000000  298.310303
 2848.000000  299.910248
 2852.000000  293.583130
 2856.000000  297.593475
 2860.000000  297.526367
 2864.000000  295.558960
 2868.000000  296.890778
 2872.000000  301.894836
 2876.000000  294.135101
 2880.000000  307.725555
 2884.000000  302.581390
 2888.000000  297.203156
 2892.000000  298.331818
 2896.000000  303.717163
 2900.000000  298.273987
 2904.000000  299.544861
 2908.000000  293.868591
 2912.000000  301.872284
 2916.000000  299.099182
 2920.000000  301.217285
 2924.000000  297.556946
 2928.000000  305.896973
 2932.000000  301.133972
 2936.000000  299.661499
 2940.000000  296.322540
 2944.000000  301.038452
 2948.000000  298.935181
 2952.000000  310.424103
 2956.000000  299.201599
 2960.000000  297.079437
 2964.000000  301.848145
 2968.000000  297.591156
 2972.000000  297.893005
 2976.000000  299.446838
 2980.000000  297.912628
 2984.000000  297.179688
 2988.000000  295.482025
 2992.000000  298.570221
 2996.000000  300.013885
 3000.000000  302.371429
 3004.000000  297.251129
 3008.000000  302.743378
 3012.000000  302.178894
 3016.000000  297.967682
 3020.000000  297.539185
 3024.000000  305.136169
 3028.000000  302.323273
 3032.000000  303.156769
 3036.000000  297.880249
 3040.000000  301.873230
 3044.000000  304.897705
 3048.000000  298.585785
 3052.000000  303.515289
 3056.000000  296.285156
 3060.000000  292.185669
 3064.000000  307.035919
 3068.000000  303.471008
 3072.000000  301.389465
 3076.000000  303.326904
 3080.000000  303.149567
 3084.000000  291.930298
 3088.000000  302.007050
 3092.000000  296.135620
 3096.000000  296.286469
 3100.000000  293.099762
 3104.000000  298.196320
 3108.000000  298.916382
 3112.000000  300.332123
 3116.000000  296.653778
 3120.000000  296.503845
 3124.000000  294.337799
 3128.000000  298.714386
 3132.000000  296.099457
 3136.000000  299.226715
 3140.000000  297.128387
 3144.000000  292.683563
 3148.000000  303.459198
 3152.000000  296.476929
 3156.000000  293.616791
 3160.000000  298.345673
 3164.000000  301.255615
 3168.000000  303.166992
 3172.000000  296.654297
 3176.000000  298.270416
 3180.000000  298.907990
 3184.000000  300.868256
 3188.000000  294.124969
 3192.000000  299.032257
 3196.000000  300.158630
 3200.000000  293.447845
 3204.000000  292.207184
 3208.000000  300.674927
 3212.000000  293.769165
 3216.000000  301.874481
 3220.000000  299.086090
 3224.000000  302.580719
 3228.000000  298.989380
 3232.000000  301.639160
 3236.000000  308.784058
 3240.000000  301.265137
 3244.000000  296.960114
 3248.000000  297.438507
 3252.000000  297.747559
 3256.000000  296.080017
 3260.000000  307.518860
 3264.000000  298.737183
 3268.000000  297.634460
 3272.000000  304.108704
 3276.000000  296.077942
 3280.000000  307.362000
 3284.000000  308.062286
 3288.000000  300.166046
 3292.000000  294.008484
 3296.000000  298.130463
 3300.000000  300.339264
 3304.000000  298.214142
 3308.000000  302.698273
 3312.000000  297.366150
 3316.000000  302.976562
 3320.000000  306.873505
 3324.000000  300.656158
 3328.000000  295.249146
 3332.000000  299.957245
 3336.000000  301.939209
 3340.000000  300.934479
 3344.000000  302.020782
 3348.000000  302.489563
 3352.000000  302.449249
 3356.000000  300.966675
 3360.000000  297.690247
 3364.000000  306.474030
 3368.000000  294.672119
 3372.000000  299.415375
 3376.000000  301.084778
 3380.000000  298.251740
 3384.000000  287.970032
 3388.000000  296.620941
 3392.000000  298.134277
 3396.000000  300.574066
 3400.000000  301.329895
 3404.000000  304.734070
 3408.000000  298.737122
 3412.000000  290.935516
 3416.000000  295.548950
 3420.000000  297.162384
 3424.000000  301.459076
 3428.000000  300.535553
 3432.000000  298.460388
 3436.000000  292.426025
 3440.000000  303.803253
 3444.000000  304.685669
 3448.000000  296.231995
 3452.000000  307.086456
 3456.000000  308.630768
 3460.000000  299.077362
 3464.000000  290.415009
 3468.000000  297.756165
 3472.000000  297.917328
 3476.000000  297.754333
 3480.000000  303.233643
 3484.000000  300.970612
 3488.000000  301.433777
 3492.000000  295.608276
 3496.000000  302.591553
 3500.000000  294.187531
 3504.000000  296.617889
 3508.000000  300.208923
 3512.000000  299.303955
 3516.000000  301.998138
 3520.000000  303.142792
 3524.000000  291.617828
 3528.000000  304.332581
 3532.000000  300.313232
 3536.000000  301.804260
 3540.000000  301.857056
 3544.000000  299.764923
 3548.000000  296.727112
 3552.000000  298.128387
 3556.000000  304.325500
 3560.000000  303.156036
 3564.000000  301.968323
 3568.000000  302.272797
 3572.000000  306.150208
 3576.000000  297.164948
 3580.000000  304.218323
 3584.000000  300.564453
 3588.000000  301.009064
 3592.000000  303.973694
 3596.000000  297.851562
 3600.000000  302.448212
 3604.000000  296.654694
 3608.000000  298.174377
 3612.000000  298.278412
 3616.000000  295.882721
 3620.000000  297.081665
 3624.000000  307.278534
 3628.000000  300.693268
 3632.000000  292.501801
 3636.000000  300.748566
 3640.000000  299.557861
 3644.000000  311.511993
 3648.000000  295.294556
 3652.000000  298.663544
 3656.000000  297.817352
 3660.000000  295.758636
 3664.000000  300.159332
 3668.000000  294.701904
 3672.000000  299.237579
 3676.000000  299.791901
 3680.000000  299.193390
 3684.000000  304.044708
 3688.000000  304.413208
 3692.000000  298.340851
 3696.000000  295.620789
 3700.000000  302.802826
 3704.000000  297.040222
 3708.000000  297.016541
 3712.000000  297.677979
 3716.000000  294.983337
 3720.000000  303.884766
 3724.000000  299.517303
 3728.000000  301.825256
 3732.000000  299.705780
 3736.000000  305.421600
 3740.000000  298.682404
 3744.000000  297.115448
 3748.000000  299.455505
 3752.000000  298.397308
 3756.000000  298.763031
 3760.000000  296.046295
 3764.000000  296.385590
 3768.000000  298.635864
 3772.000000  297.190369
 3776.000000  297.155426
 3780.000000  301.132935
 3784.000000  306.315308
 3788.000000  295.812897
 3792.000000  301.221649
 3796.000000  298.196198
 3800.000000  300.209656
 3804.000000  298.614136
 3808.000000  298.279083
 3812.000000  292.028473
 3816.000000  304.279388
 3820.000000  295.717834
 3824.000000  303.923126
 3828.000000  291.975433
 3832.000000  296.126221
 3836.000000  303.392303
 3840.000000  303.367096
 3844.000000  301.843262
 3848.000000  304.946686
 3852.000000  305.324677
 3856.000000  297.745667
 3860.000000  304.644745
 3864.000000  298.996826
 3868.000000  302.000977
 3872.000000  297.350433
 3876.000000  296.625366
 3880.000000  299.180145
 3884.000000  294.391907
 3888.000000  302.426453
 3892.000000  297.720428
 3896.000000  298.237457
 3900.000000  303.645111
 3904.000000  305.800842
 3908.000000  300.208191
 3912.000000  295.266052
 3916.000000  296.416321
 3920.000000  300.757965
 3924.000000  294.388245
 3928.000000  296.738159
 3932.000000  301.956329
 3936.000000  304.614563
 3940.000000  304.388428
 3944.000000  300.302948
 3948.000000  296.605469
 3952.000000  301.845795
 3956.000000  301.854309
 3960.000000  292.838348
 3964.000000  300.986603
 3968.000000  307.436371
 3972.000000  300.269043
 3976.000000  299.406372
 3980.000000  294.112274
 3984.000000  297.697083
 3988.000000  291.891815
 3992.000000  296.290283
 3996.000000  294.656982
 4000.000000  299.545593
 4004.000000  307.355469
 4008.000000  305.384125
 4012.000000  294.357941
 4016.000000  299.523743
 4020.000000  301.432831
 4024.000000  303.947052
 4028.000000  301.541870
 4032.000000  300.617615
 4036.000000  305.175262
 4040.000000  298.205688
 4044.000000  297.103424
 4048.000000  293.624786
 4052.000000  301.407532
 4056.000000  304.046234
 4060.000000  299.275543
 4064.000000  300.036835
 4068.000000  299.754395
 4072.000000  291.556274
 4076.000000  297.784302
 4080.000000  299.593048
 4084.000000  300.821869
 4088.000000  308.246490
 4092.000000  298.516785
 4096.000000  298.918762
 4100.000000  303.935089
 4104.000000  305.696289
 4108.000000  299.790710
 4112.000000  301.583954
 4116.000000  299.088623
 4120.000000  293.048279
 4124.000000  293.584534
 4128.000000  297.710480
 4132.000000  295.443573
 4136.000000  295.176178
 4140.000000  305.696289
 4144.000000  298.580841
 4148.000000  302.750214
 4152.000000  301.260956
 4156.000000  297.093262
 4160.000000  299.758728
 4164.000000  301.725494
 4168.000000  300.400085
 4172.000000  305.022430
 4176.000000  300.310913
 4180.000000  301.057159
 4184.000000  293.653656
 4188.000000  303.412048
 4192.000000  297.508209
 4196.000000  299.641724
 4200.000000  294.413147
 4204.000000  293.637207
 4208.000000  297.473724
 4212.000000  304.804474
 4216.000000  295.279816
 4220.000000  296.486115
 4224.000000  300.855530
 4228.000000  298.335999
 4232.000000  299.086243
 4236.000000  294.067627
 4240.000000  304.571533
 4244.000000  305.549286
 4248.000000  297.304291
 4252.000000  306.273254
 4256.000000  300.074707
 4260.000000  301.180450
 4264.000000  298.021362
 4268.000000  304.158936
 4272.000000  298.399902
 4276.000000  299.475616
 4280.000000  298.956146
 4284.000000  306.508179
 4288.000000  300.092041
 4292.000000  295.217285
 4296.000000  294.541351
 4300.000000  301.353638
 4304.000000  294.776611
 4308.000000  294.334290
 4312.000000  295.018768
 4316.000000  300.767944
 4320.000000  306.308624
 4324.000000  295.870270
 4328.000000  298.348602
 4332.000000  304.200775
 4336.000000  302.185669
 4340.000000  301.426514
 4344.000000  301.338257
 4348.000000  308.466248
 4352.000000  303.568604
 4356.000000  302.475128
 4360.000000  295.769562
 4364.000000  299.289276
 4368.000000  298.986053
 4372.000000  298.374634
 4376.000000  300.425110
 4380.000000  296.095032
 4384.000000  302.790100
 4388.000000  309.792755
 4392.000000  295.295288
 4396.000000  302.565491
 4400.000000  304.716034
 4404.000000  302.553802
 4408.000000  298.588867
 4412.000000  301.954132
 4416.000000  297.907959
 4420.000000  298.066833
 4424.000000  300.227509
 4428.000000  298.843781
 4432.000000  301.118805
 4436.000000  297.482971
 4440.000000  305.191254
 4444.000000  304.876709
 4448.000000  300.548553
 4452.000000  299.826080
 4456.000000  292.069214
 4460.000000  294.869537
 4464.000000  297.658508
 4468.000000  297.450470
 4472.000000  305.053894
 4476.000000  296.551270
 4480.000000  292.305878
 4484.000000  298.838593
 4488.000000  299.721680
 4492.000000  296.536041
 4496.000000  299.698975
 4500.000000  287.684540
 4504.000000  304.121033
 4508.000000  305.096863
 4512.000000  299.740570
 4516.000000  298.585999
 4520.000000  300.199860
 4524.000000  303.454132
 4528.000000  300.954041
 4532.000000  298.091339
 4536.000000  297.738922
 4540.000000  301.995331
 4544.000000  296.183746
 4548.000000  294.959808
 4552.000000  302.805145
 4556.000000  303.895966
 4560.000000  297.265778
 4564.000000  298.238556
 4568.000000  299.759369
 4572.000000  297.783539
 4576.000000  304.754852
 4580.000000  294.033600
 4584.000000  300.891357
 4588.000000  296.119049
 4592.000000  294.370514
 4596.000000  294.480621
 4600.000000  303.157684
 4604.000000  291.930908
 4608.000000  305.028870
 4612.000000  302.611359
 4616.000000  299.690369
 4620.000000  301.356934
 4624.000000  304.497620
 4628.000000  302.489227
 4632.000000  300.641663
 4636.000000  298.041504
 4640.000000  301.832489
 4644.000000  301.831329
 4648.000000  302.458160
 4652.000000  297.443848
 4656.000000  301.517548
 4660.000000  302.133392
 4664.000000  300.509766
 4668.000000  298.288086
 4672.000000  301.512451
 4676.000000  298.730804
 4680.000000  300.471344
 4684.000000  303.072632
 4688.000000  305.617950
 4692.000000  302.424377
 4696.000000  300.521729
 4700.000000  304.224487
 4704.000000  300.846680
 4708.000000  299.452637
 4712.000000  301.252258
 4716.000000  300.560516
 4720.000000  298.679413
 4724.000000  301.786041
 4728.000000  302.772034
 4732.000000  300.623077
 4736.000000  296.629395
 4740.000000  297.827759
 4744.000000  294.942291
 4748.000000  297.789581
 4752.000000  298.320099
 4756.000000  301.128601
 4760.000000  296.252991
 4764.000000  303.567627
 4768.000000  300.704254
 4772.000000  297.331512
 4776.000000  298.040039
 4780.000000  307.640411
 4784.000000  295.423828
 4788.000000  299.054413
 4792.000000  306.333893
 4796.000000  296.593964
 4800.000000  306.297577
 4804.000000  303.118042
 4808.000000  302.606079
 4812.000000  300.953186
 4816.000000  307.694977
 4820.000000  290.101837
 4824.000000  299.423706
 4828.000000  299.179321
 4832.000000  297.631226
 4836.000000  303.280640
 4840.000000  300.172058
 4844.000000  302.350739
 4848.000000  297.307159
 4852.000000  309.424866
 4856.000000  300.223450
 4860.000000  303.219788
 4864.000000  297.343872
 4868.000000  300.400543
 4872.000000  296.741547
 4876.000000  304.840790
 4880.000000  299.553680
 4884.000000  295.796844
 4888.000000  295.438721
 4892.000000  294.619934
 4896.000000  300.908966
 4900.000000  303.078461
 4904.000000  295.137634
 4908.000000  297.658142
 4912.000000  299.095612
 4916.000000  295.972198
 4920.000000  313.465942
 4924.000000  302.301178
 4928.000000  300.252808
 4932.000000  298.545685
 4936.000000  296.444214
 4940.000000  299.302216
 4944.000000  300.477570
 4948.000000  302.651672
 4952.000000  288.015717
 4956.000000  292.401306
 4960.000000  292.406738
 4964.000000  296.386078
 4968.000000  302.777008
 4972.000000  301.667969
 4976.000000  298.013733
 4980.000000  301.825134
 4984.000000  300.598602
 4988.000000  308.392822
 4992.000000  299.658569
 4996.000000  297.349335
 5000.000000  301.766968
 5004.000000  303.502441
 5008.000000  300.338074
 5012.000000  303.974091
 5016.000000  301.924591
 5020.000000  304.394318
 5024.000000  303.948273
 5028.000000  297.338715
 5032.000000  296.968567
 5036.000000  305.596466
 5040.000000  296.453430
 5044.000000  301.555115
 5048.000000  299.824860
 5052.000000  298.879425
 5056.000000  300.171234
 5060.000000  301.134430
 5064.000000  304.429779
 5068.000000  297.629456
 5072.000000  296.957031
 5076.000000  299.413025
 5080.000000  304.899750
 5084.000000  303.204193
 5088.000000  298.560272
 5092.000000  298.436554
 5096.000000  306.654175
 5100.000000  303.703430
 5104.000000  300.234009
 5108.000000  302.862213
 5112.000000  305.528839
 5116.000000  295.997498
 5120.000000  297.949646
 5124.000000  302.618500
 5128.000000  306.918121
 5132.000000  300.707123
 5136.000000  294.443817
 5140.000000  305.570679
 5144.000000  295.554901
 5148.000000  307.466553
 5152.000000  303.188538
 5156.000000  300.840607
 5160.000000  304.434601
 5164.000000  304.839172
 5168.000000  297.754944
 5172.000000  300.013214
 5176.000000  304.924164
 5180.000000  302.286865
 5184.000000  300.117859
 5188.000000  302.153290
 5192.000000  300.216736
 5196.000000  298.973969
 5200.000000  299.764954
 5204.000000  298.864380
 5208.000000  292.244080
 5212.000000  298.987946
 5216.000000  301.755280
 5220.000000  302.531403
 5224.000000  306.483368
 5228.000000  301.480499
 5232.000000  297.086121
 5236.000000  310.904572
 5240.000000  306.888519
 5244.000000  297.155426
 5248.000000  297.417358
 5252.000000  298.324280
 5256.000000  298.568695
 5260.000000  306.175781
 5264.000000  295.779510
 5268.000000  304.147034
 5272.000000  299.544189
 5276.000000  302.648071
 5280.000000  298.849823
 5284.000000  293.952637
 5288.000000  294.459595
 5292.000000  300.488556
 5296.000000  294.637054
 5300.000000  296.327332
 5304.000000  298.268494
 5308.000000  298.184540
 5312.000000  296.930786
 5316.000000  298.421265
 5320.000000  299.065979
 5324.000000  301.704346
 5328.000000  303.235229
 5332.000000  297.382568
 5336.000000  295.490784
 5340.000000  293.777740
 5344.000000  300.290955
 5348.000000  300.984955
 5352.000000  296.050842
 5356.000000  304.089386
 5360.000000  302.265869
 5364.000000  305.331726
 5368.000000  294.390350
 5372.000000  300.203430
 5376.000000  296.276794
 5380.000000  299.177521
 5384.000000  296.358398
 5388.000000  303.831299
 5392.000000  299.169434
 5396.000000  299.917114
 5400.000000  297.583832
 5404.000000  299.600800
 5408.000000  296.853577
 5412.000000  294.671143
 5416.000000  295.605835
 5420.000000  295.117065
 5424.000000  298.537323
 5428.000000  300.809113
 5432.000000  297.469910
 5436.000000  296.028076
 5440.000000  301.125397
 5444.000000  302.836945
 5448.000000  299.585815
 5452.000000  301.834320
 5456.000000  301.210327
 5460.000000  303.614532
 5464.000000  301.766571
 5468.000000  303.994476
 5472.000000  302.627747
 5476.000000  295.244446
 5480.000000  305.026581
 5484.000000  298.009155
 5488.000000  310.264832
 5492.000000  300.322845
 5496.000000  299.699615
 5500.000000  296.350342
 5504.000000  293.025818
 5508.000000  301.605377
 5512.000000  300.078369
 5516.000000  301.161316
 5520.000000  292.774536
 5524.000000  304.402618
 5528.000000  302.266052
 5532.000000  301.503204
 5536.000000  295.638977
 5540.000000  299.206390
 5544.000000  299.789459
 5548.000000  297.126892
 5552.000000  297.723938
 5556.000000  300.984406
 5560.000000  300.662079
 5564.000000  301.799286
 5568.000000  304.244049
 5572.000000  301.563354
 5576.000000  293.287048
 5580.000000  305.268921
 5584.000000  300.071960
 5588.000000  307.189178
 5592.000000  304.736603
 5596.000000  295.521942
 5600.000000  301.804291
 5604.000000  304.544556
 5608.000000  296.555023
 5612.000000  299.543152
 5616.000000  296.872772
 5620.000000  293.399292
 5624.000000  302.101746
 5628.000000  296.358856
 5632.000000  308.344086
 5636.000000  293.731689
 5640.000000  300.609467
 5644.000000  300.768066
 5648.000000  299.251007
 5652.000000  296.596130
 5656.000000  305.295837
 5660.000000  299.514862
 5664.000000  299.936859
 5668.000000  297.739624
 5672.000000  298.240601
 5676.000000  297.842804
 5680.000000  301.484863
 5684.000000  298.786072
 5688.000000  303.229950
 5692.000000  299.769073
 5696.000000  300.554047
 5700.000000  300.891479
 5704.000000  300.667633
 5708.000000  294.999725
 5712.000000  303.270569
 5716.000000  294.959106
 5720.000000  298.623596
 5724.000000  301.344635
 5728.000000  305.715332
 5732.000000  297.143799
 5736.000000  299.865936
 5740.000000  301.432373
 5744.000000  305.799835
 5748.000000  298.317474
 5752.000000  298.079041
 5756.000000  300.779877
 5760.000000  302.847565
 5764.000000  301.576599
 5768.000000  299.534637
 5772.000000  296.673981
 5776.000000  305.306549
 5780.000000  296.630676
 5784.000000  298.290985
 5788.000000  303.760406
 5792.000000  297.001465
 5796.000000  301.380127
 5800.000000  300.566315
 5804.000000  299.790894
 5808.000000  293.422333
 5812.000000  293.484436
 5816.000000  295.360748
 5820.000000  295.518616
 5824.000000  299.749115
 5828.000000  297.034943
 5832.000000  301.086090
 5836.000000  297.233887
 5840.000000  296.248108
 5844.000000  297.156250
 5848.000000  301.066437
 5852.000000  295.766937
 5856.000000  302.148193
 5860.000000  292.836639
 5864.000000  299.808228
 5868.000000  301.724640
 5872.000000  307.327576
 5876.000000  303.253754
 5880.000000  300.227295
 5884.000000  297.502167
 5888.000000  300.231323
 5892.000000  300.380646
 5896.000000  308.527008
 5900.000000  305.167023
 5904.000000  306.641113
 5908.000000  300.923462
 5912.000000  302.359375
 5916.000000  295.906860
 5920.000000  298.274414
 5924.000000  303.141205
 5928.000000  290.212677
 5932.000000  299.609985
 5936.000000  295.186432
 5940.000000  301.378845
 5944.000000  306.019318
 5948.000000  303.465027
 5952.000000  299.413666
 5956.000000  303.061523
 5960.000000  300.966919
 5964.000000  304.311462
 5968.000000  294.252258
 5972.000000  299.076965
 5976.000000  304.120148
 5980.000000  300.661530
 5984.000000  299.680237
 5988.000000  300.827179
 5992.000000  305.603149
 5996.000000  301.569855
 6000.000000  297.970734
 6004.000000  296.471924
 6008.000000  300.621796
 6012.000000  297.550720
 6016.000000  298.816986
 6020.000000  297.608704
 6024.000000  297.238007
 6028.000000  303.711060
 6032.000000  297.575439
 6036.000000  303.072723
 6040.000000  303.638977
 6044.000000  306.448883
 6048.000000  301.147614
 6052.000000  294.409424
 6056.000000  299.396545
 6060.000000  302.471863
 6064.000000  298.171387
 6068.000000  302.386688
 6072.000000  296.682831
 6076.000000  297.957520
 6080.000000  293.320831
 6084.000000  293.540375
 6088.000000  302.258972
 6092.000000  301.008850
 6096.000000  292.105469
 6100.000000  308.708740
 6104.000000  302.614777
 6108.000000  300.597992
 6112.000000  305.235077
 6116.000000  292.067902
 6120.000000  307.386078
 6124.000000  298.468536
 6128.000000  302.285858
 6132.000000  301.863403
 6136.000000  295.809143
 6140.000000  302.303192
 6144.000000  299.873688
 6148.000000  292.787323
 6152.000000  292.551178
 6156.000000  301.736816
 6160.000000  300.068787
 6164.000000  303.891937
 6168.000000  294.356598
 6172.000000  301.061371
 6176.000000  296.422852
 6180.000000  302.397980
 6184.000000  297.518372
 6188.000000  296.582550
 6192.000000  302.999084
 6196.000000  306.724365
 6200.000000  304.278473
 6204.000000  300.860138
 6208.000000  299.336670
 6212.000000  298.106445
 6216.000000  304.244232
 6220.000000  302.936188
 6224.000000  306.241669
 6228.000000  300.747375
 6232.000000  294.819031
 6236.000000  303.484344
 6240.000000  299.142853
 6244.000000  297.516205
 6248.000000  301.550385
 6252.000000  304.728699
 6256.000000  308.459351
 6260.000000  301.177826
 6264.000000  298.474701
 6268.000000  302.614960
 6272.000000  308.668854
 6276.000000  296.772766
 6280.000000  297.865417
 6284.000000  300.127197
 6288.000000  298.256500
 6292.000000  297.348816
 6296.000000  302.021271
 6300.000000  298.665802
 6304.000000  295.958984
 6308.000000  301.824585
 6312.000000  304.822693
 6316.000000  295.318726
 6320.000000  300.750061
 6324.000000  300.451263
 6328.000000  299.655548
 6332.000000  297.623016
 6336.000000  297.775085
 6340.000000  301.372742
 6344.000000  295.004791
 6348.000000  300.324585
 6352.000000  299.945709
 6356.000000  301.314789
 6360.000000  299.100555
 6364.000000  302.029785
 6368.000000  298.898773
 6372.000000  296.534027
 6376.000000  298.715088
 6380.000000  298.397858
 6384.000000  301.477722
 6388.000000  307.858582
 6392.000000  297.476501
 6396.000000  300.131683
 6400.000000  300.394836
 6404.000000  296.155396
 6408.000000  305.321075
 6412.000000  299.246277
 6416.000000  305.006561
 6420.000000  307.930817
 6424.000000  298.153717
 6428.000000  308.910736
 6432.000000  295.844696
 6436.000000  295.036255
 6440.000000  299.205994
 6444.000000  307.085632
 6448.000000  298.713745
 6452.000000  295.481232
 6456.000000  295.138000
 6460.000000  299.083221
 6464.000000  299.326935
 6468.000000  305.233948
 6472.000000  299.587555
 6476.000000  300.723114
 6480.000000  298.159943
 6484.000000  300.280731
 6488.000000  298.345795
 6492.000000  304.455200
 6496.000000  298.088135
 6500.000000  296.075623
 6504.000000  300.316833
 6508.000000  300.080200
 6512.000000  295.877838
 6516.000000  296.803467
 6520.000000  298.604126
 6524.000000  297.367218
 6528.000000  299.484924
 6532.000000  299.069061
 6536.000000  298.550842
 6540.000000  299.619965
 6544.000000  293.074249
 6548.000000  299.532104
 6552.000000  294.202637
 6556.000000  294.284607
 6560.000000  299.757629
 6564.000000  297.534058
 6568.000000  305.898621
 6572.000000  300.646210
 6576.000000  298.964172
 6580.000000  298.596985
 6584.000000  300.100098
 6588.000000  296.192078
 6592.000000  300.674896
 6596.000000  300.565643
 6600.000000  297.569122
 6604.000000  300.335663
 6608.000000  304.144562
 6612.000000  302.944366
 6616.000000  304.694977
 6620.000000  294.863556
 6624.000000  305.259796
 6628.000000  296.395172
 6632.000000  301.604492
 6636.000000  293.827362
 6640.000000  303.999512
 6644.000000  304.206329
 6648.000000  298.223389
 6652.000000  296.375824
 6656.000000  296.685272
 6660.000000  297.854614
 6664.000000  298.368805
 6668.000000  300.023865
 6672.000000  301.522156
 6676.000000  307.289673
 6680.000000  302.533478
 6684.000000  299.539276
 6688.000000  295.170349
 6692.000000  298.696106
 6696.000000  301.290710
 6700.000000  305.224915
 6704.000000  297.771057
 6708.000000  304.265411
 6712.000000  298.045380
 6716.000000  293.586945
 6720.000000  308.373901
 6724.000000  297.329559
 6728.000000  297.749420
 6732.000000  297.271423
 6736.000000  298.502258
 6740.000000  299.255371
 6744.000000  294.002411
 6748.000000  290.582916
 6752.000000  298.902832
 6756.000000  300.075043
 6760.000000  296.926086
 6764.000000  298.372498
 6768.000000  297.734863
 6772.000000  299.756989
 6776.000000  302.729584
 6780.000000  305.111267
 6784.000000  296.079407
 6788.000000  300.195404
 6792.000000  305.726715
 6796.000000  296.652679
 6800.000000  297.673370
 6804.000000  304.172333
 6808.000000  302.127502
 6812.000000  296.104156
 6816.000000  296.881348
 6820.000000  296.538055
 6824.000000  294.764496
 6828.000000  305.665649
 6832.000000  302.324310
 6836.000000  302.304749
 6840.000000  293.426880
 6844.000000  296.606873
 6848.000000  299.535675
 6852.000000  299.113678
 6856.000000  298.314911
 6860.000000  298.032043
 6864.000000  296.902039
 6868.000000  297.808350
 6872.000000  295.456940
 6876.000000  299.318939
 6880.000000  302.257690
 6884.000000  294.838379
 6888.000000  304.324188
 6892.000000  301.425110
 6896.000000  290.863190
 6900.000000  300.734528
 6904.000000  297.484283
 6908.000000  307.018402
 6912.000000  297.447418
 6916.000000  298.203125
 6920.000000  301.980408
 6924.000000  299.841431
 6928.000000  296.428528
 6932.000000  297.743744
 6936.000000  302.508148
 6940.000000  303.307922
 6944.000000  299.868195
 6948.000000  303.531494
 6952.000000  297.807007
 6956.000000  297.852905
 6960.000000  299.474030
 6964.000000  309.067627
 6968.000000  295.845581
 6972.000000  296.296204
 6976.000000  304.841339
 6980.000000  300.781464
 6984.000000  298.426453
 6988.000000  300.325134
 6992.000000  297.387482
 6996.000000  298.327118
 7000.000000  293.792236
 7004.000000  301.449768
 7008.000000  295.011932
 7012.000000  301.729828
 7016.000000  304.920410
 7020.000000  295.102844
 7024.000000  302.515625
 7028.000000  296.826630
 7032.000000  308.042480
 7036.000000  303.256348
 7040.000000  299.772949
 7044.000000  309.264252
 7048.000000  300.207672
 7052.000000  299.958282
 7056.000000  286.508514
 7060.000000  305.795807
 7064.000000  300.297974
 7068.000000  297.075684
 7072.000000  296.275330
 7076.000000  301.941254
 7080.000000  293.986389
 7084.000000  293.730713
 7088.000000  296.416351
 7092.000000  298.251556
 7096.000000  296.296906
 7100.000000  298.271027
 7104.000000  301.760925
 7108.000000  295.994598
 7112.000000  292.834290
 7116.000000  302.565765
 7120.000000  297.928009
 7124.000000  303.166931
 7128.000000  298.711395
 7132.000000  297.067627
 7136.000000  301.399536
 7140.000000  303.033844
 7144.000000  302.457397
 7148.000000  300.110626
 7152.000000  300.137360
 7156.000000  295.989349
 7160.000000  294.886353
 7164.000000  302.720673
 7168.000000  298.070160
 7172.000000  306.771973
 7176.000000  300.030548
 7180.000000  298.350403
 7184.000000  299.890625
 7188.000000  298.333649
 7192.000000  304.704285
 7196.000000  301.963470
 7200.000000  300.242950
 7204.000000  298.889679
 7208.000000  302.578705
 7212.000000  302.542938
 7216.000000  301.383728
 7220.000000  302.150848
 7224.000000  294.436646
 7228.000000  300.784515
 7232.000000  300.953857
 7236.000000  306.004242
 7240.000000  299.118896
 7244.000000  298.721802
 7248.000000  300.247803
 7252.000000  294.949585
 7256.000000  304.977753
 7260.000000  302.436249
 7264.000000  294.737946
 7268.000000  302.499878
 7272.000000  300.280823
 7276.000000  302.442169
 7280.000000  306.028107
 7284.000000  303.502533
 7288.000000  300.799072
 7292.000000  302.735596
 7296.000000  297.966553
 7300.000000  300.583374
 7304.000000  302.102417
 7308.000000  303.429352
 7312.000000  303.114197
 7316.000000  300.748688
 7320.000000  302.841492
 7324.000000  303.905914
 7328.000000  301.877289
 7332.000000  302.471466
 7336.000000  306.392426
 7340.000000  296.897705
 7344.000000  296.459259
 7348.000000  304.902588
 7352.000000  307.202606
 7356.000000  296.409729
 7360.000000  302.257050
 7364.000000  299.253448
 7368.000000  299.854767
 7372.000000  299.764435
 7376.000000  297.657410
 7380.000000  297.608521
 7384.000000  305.032166
 7388.000000  304.709503
 7392.000000  300.659729
 7396.000000  298.313141
 7400.000000  305.101929
 7404.000000  292.785309
 7408.000000  296.490540
 7412.000000  296.330475
 7416.000000  301.506470
 7420.000000  308.859070
 7424.000000  299.331635
 7428.000000  297.493408
 7432.000000  297.681305
 7436.000000  301.658966
 7440.000000  298.227814
 7444.000000  299.237610
 7448.000000  296.380981
 7452.000000  293.950836
 7456.000000  302.830719
 7460.000000  296.540375
 7464.000000  303.755920
 7468.000000  298.352142
 7472.000000  300.601532
 7476.000000  303.225922
 7480.000000  300.237457
 7484.000000  298.055878
 7488.000000  295.501312
 7492.000000  298.853668
 7496.000000  298.266693
 7500.000000  304.749573
 7504.000000  304.140198
 7508.000000  298.288177
 7512.000000  299.848358
 7516.000000  301.899902
 7520.000000  300.717926
 7524.000000  296.335388
 7528.000000  298.320099
 7532.000000  304.482666
 7536.000000  306.648651
 7540.000000  299.969574
 7544.000000  297.727692
 7548.000000  298.135010
 7552.000000  301.954041
 7556.000000  294.247986
 7560.000000  306.008820
 7564.000000  300.221893
 7568.000000  299.321228
 7572.000000  304.998505
 7576.000000  299.176575
 7580.000000  295.741913
 7584.000000  298.706573
 7588.000000  296.514526
 7592.000000  301.422333
 7596.000000  306.596375
 7600.000000  300.684906
 7604.000000  301.622223
 7608.000000  296.785156
 7612.000000  297.255463
 7616.000000  305.936798
 7620.000000  293.965454
 7624.000000  300.950592
 7628.000000  301.453949
 7632.000000  297.192841
 7636.000000  297.240356
 7640.000000  296.692444
 7644.000000  298.084015
 7648.000000  297.251770
 7652.000000  297.502808
 7656.000000  303.145782
 7660.000000  296.522980
 7664.000000  296.218506
 7668.000000  299.275940
 7672.000000  294.063629
 7676.000000  299.339905
 7680.000000  296.638947
 7684.000000  302.397919
 7688.000000  303.099243
 7692.000000  297.042542
 7696.000000  306.447510
 7700.000000  305.413300
 7704.000000  297.921661
 7708.000000  305.314026
 7712.000000  294.666931
 7716.000000  298.481567
 7720.000000  303.096954
 7724.000000  307.202271
 7728.000000  298.971924
 7732.000000  305.240356
 7736.000000  294.207764
 7740.000000  299.344971
 7744.000000  294.684906
 7748.000000  294.684021
 7752.000000  302.643066
 7756.000000  303.676178
 7760.000000  299.991974
 7764.000000  304.614441
 7768.000000  298.437988
 7772.000000  298.177368
 7776.000000  298.895477
 7780.000000  307.771454
 7784.000000  304.192230
 7788.000000  301.557068
 7792.000000  302.978394
 7796.000000  304.707336
 7800.000000  296.650238
 7804.000000  294.346863
 7808.000000  309.639221
 7812.000000  303.827637
 7816.000000  305.363525
 7820.000000  293.509827
 7824.000000  297.013336
 7828.000000  298.687286
 7832.000000  295.857849
 7836.000000  312.566284
 7840.000000  300.793976
 7844.000000  299.146729
 7848.000000  305.756744
 7852.000000  295.680359
 7856.000000  303.304535
 7860.000000  299.006775
 7864.000000  295.238251
 7868.000000  297.873718
 7872.000000  300.957855
 7876.000000  298.764771
 7880.000000  299.567352
 7884.000000  298.511261
 7888.000000  300.484772
 7892.000000  300.062500
 7896.000000  303.061371
 7900.000000  302.442200
 7904.000000  303.560516
 7908.000000  308.516937
 7912.000000  302.007751
 7916.000000  302.085663
 7920.000000  300.286743
 7924.000000  301.718475
 7928.000000  299.448792
 7932.000000  298.489319
 7936.000000  298.902985
 7940.000000  296.042786
 7944.000000  299.949097
 7948.000000  300.088562
 7952.000000  302.275604
 7956.000000  298.655457
 7960.000000  305.924347
 7964.000000  310.150665
 7968.000000  301.599609
 7972.000000  303.804779
 7976.000000  297.524445
 7980.000000  304.610016
 7984.000000  301.510956
 7988.000000  298.691132
 7992.000000  298.247620
 7996.000000  299.125549
 8000.000000  302.720123
 8004.000000  303.288055
 8008.000000  296.665497
 8012.000000  295.930695
 8016.000000  305.226898
 8020.000000  296.131866
 8024.000000  298.007324
 8028.000000  295.780762
 8032.000000  301.767548
 8036.000000  298.445801
 8040.000000  303.961334
 8044.000000  298.846466
 8048.000000  303.363617
 8052.000000  302.959320
 8056.000000  301.406586
 8060.000000  297.239807
 8064.000000  298.333801
 8068.000000  299.284882
 8072.000000  304.786835
 8076.000000  302.793335
 8080.000000  300.883514
 8084.000000  311.747803
 8088.000000  305.545959
 8092.000000  306.972870
 8096.000000  301.226135
 8100.000000  301.824799
 8104.000000  302.037292
 8108.000000  296.722839
 8112.000000  306.235535
 8116.000000  299.514221
 8120.000000  302.582672
 8124.000000  301.371643
 8128.000000  297.805847
 8132.000000  297.385712
 8136.000000  295.335022
 8140.000000  301.216339
 8144.000000  297.650635
 8148.000000  300.640808
 8152.000000  301.654297
 8156.000000  302.624176
 8160.000000  302.073456
 8164.000000  300.103394
 8168.000000  306.365631
 8172.000000  298.374847
 8176.000000  301.877106
 8180.000000  299.102203
 8184.000000  304.115082
 8188.000000  300.295990
 8192.000000  305.025452
 8196.000000  297.630859
 8200.000000  300.069763
 8204.000000  301.418335
 8208.000000  299.157745
 8212.000000  303.229767
 8216.000000  298.690613
 8220.000000  300.685944
 8224.000000  296.154755
 8228.000000  305.104340
 8232.000000  301.579529
 8236.000000  295.874451
 8240.000000  308.003876
 8244.000000  299.932892
 8248.000000  298.736298
 8252.000000  297.552094
 8256.000000  308.178802
 8260.000000  299.121063
 8264.000000  303.751892
 8268.000000  298.666718
 8272.000000  298.705444
 8276.000000  299.651703
 8280.000000  302.217499
 8284.000000  303.620026
 8288.000000  305.088593
 8292.000000  292.595276
 8296.000000  301.190094
 8300.000000  303.023743
 8304.000000  303.913300
 8308.000000  298.114197
 8312.000000  299.330688
 8316.000000  300.708466
 8320.000000  299.523193
 8324.000000  302.631439
 8328.000000  296.091248
 8332.000000  302.389771
 8336.000000  301.897675
 8340.000000  296.500427
 8344.000000  296.625214
 8348.000000  292.408813
 8352.000000  305.179016
 8356.000000  298.166809
 8360.000000  297.875122
 8364.000000  299.787903
 8368.000000  297.379913
 8372.000000  292.319031
 8376.000000  295.901550
 8380.000000  292.762756
 8384.000000  297.157074
 8388.000000  300.219696
 8392.000000  305.358276
 8396.000000  302.085999
 8400.000000  297.909607
 8404.000000  301.548248
 8408.000000  300.972473
 8412.000000  301.623779
 8416.000000  292.980255
 8420.000000  298.696747
 8424.000000  301.543976
 8428.000000  299.640930
 8432.000000  305.818573
 8436.000000  305.325226
 8440.000000  300.804413
 8444.000000  297.586823
 8448.000000  297.915405
 8452.000000  308.576172
 8456.000000  301.644165
 8460.000000  301.526886
 8464.000000  297.355469
 8468.000000  302.266541
 8472.000000  299.332367
 8476.000000  307.423187
 8480.000000  300.212433
 8484.000000  296.958862
 8488.000000  298.738586
 8492.000000  296.288116
 8496.000000  295.252258
 8500.000000  303.784241
 8504.000000  301.190826
 8508.000000  298.299835
 8512.000000  292.193695
 8516.000000  302.461243
 8520.000000  301.198090
 8524.000000  295.732239
 8528.000000  300.055573
 8532.000000  294.169312
 8536.000000  294.052399
 8540.000000  301.356232
 8544.000000  303.446167
 8548.000000  295.183868
 8552.000000  295.437439
 8556.000000  299.465851
 8560.000000  298.899292
 8564.000000  302.792175
 8568.000000  299.415192
 8572.000000  293.642853
 8576.000000  298.759918
 8580.000000  306.983124
 8584.000000  302.644348
 8588.000000  300.768433
 8592.000000  303.747162
 8596.000000  293.793488
 8600.000000  299.786224
 8604.000000  298.028534
 8608.000000  298.525269
 8612.000000  295.014069
 8616.000000  297.269470
 8620.000000  294.940613
 8624.000000  301.069702
 8628.000000  303.625183
 8632.000000  300.140167
 8636.000000  294.765961
 8640.000000  305.127625
 8644.000000  290.236359
 8648.000000  302.562561
 8652.000000  298.311249
 8656.000000  299.178436
 8660.000000  302.885437
 8664.000000  295.261139
 8668.000000  304.051025
 8672.000000  299.035187
 8676.000000  295.044037
 8680.000000  296.504578
 8684.000000  300.421936
 8688.000000  302.035278
 8692.000000  300.760834
 8696.000000  296.596313
 8700.000000  296.343353
 8704.000000  303.071289
 8708.000000  302.831635
 8712.000000  294.736420
 8716.000000  301.001343
 8720.000000  298.490601
 8724.000000  300.621918
 8728.000000  297.996368
 8732.000000  301.573425
 8736.000000  306.398102
 8740.000000  292.955261
 8744.000000  301.827087
 8748.000000  301.947266
 8752.000000  302.013489
 8756.000000  303.336304
 8760.000000  303.532990
 8764.000000  297.337097
 8768.000000  305.205200
 8772.000000  301.005341
 8776.000000  301.508148
 8780.000000  298.067352
 8784.000000  303.741791
 8788.000000  301.488770
 8792.000000  302.101105
 8796.000000  301.714355
 8800.000000  294.716187
 8804.000000  292.905487
 8808.000000  300.813019
 8812.000000  299.285797
 8816.000000  297.205475
 8820.000000  291.185211
 8824.000000  291.834625
 8828.000000  304.571899
 8832.000000  298.632599
 8836.000000  302.774933
 8840.000000  297.615845
 8844.000000  298.484650
 8848.000000  303.167419
 8852.000000  299.067291
 8856.000000  305.359711
 8860.000000  302.105774
 8864.000000  292.848480
 8868.000000  295.323730
 8872.000000  291.527222
 8876.000000  297.956390
 8880.000000  297.173035
 8884.000000  307.339996
 8888.000000  304.264099
 8892.000000  296.697540
 8896.000000  294.278015
 8900.000000  302.109314
 8904.000000  298.893097
 8908.000000  299.461151
 8912.000000  306.388275
 8916.000000  288.864624
 8920.000000  297.627869
 8924.000000  296.732910
 8928.000000  298.113373
 8932.000000  297.667938
 8936.000000  296.142395
 8940.000000  295.200043
 8944.000000  299.366516
 8948.000000  300.497284
 8952.000000  299.640228
 8956.000000  293.727570
 8960.000000  299.097015
 8964.000000  300.491180
 8968.000000  303.960541
 8972.000000  304.344299
 8976.000000  308.533173
 8980.000000  307.229645
 8984.000000  304.439819
 8988.000000  303.288971
 8992.000000  307.286804
 8996.000000  294.275238
 9000.000000  301.420746
 9004.000000  299.142029
 9008.000000  302.416504
 9012.000000  303.119629
 9016.000000  303.981415
 9020.000000  300.753448
 9024.000000  303.520660
 9028.000000  290.387604
 9032.000000  305.527283
 9036.000000  291.634460
 9040.000000  302.417206
 9044.000000  304.861725
 9048.000000  296.648468
 9052.000000  299.067749
 9056.000000  302.254700
 9060.000000  299.968964
 9064.000000  309.661438
 9068.000000  301.198486
 9072.000000  305.613312
 9076.000000  304.838745
 9080.000000  302.363953
 9084.000000  301.087921
 9088.000000  297.956909
 9092.000000  302.328949
 9096.000000  294.669159
 9100.000000  294.429840
 9104.000000  304.623932
 9108.000000  301.406921
 9112.000000  306.909576
 9116.000000  309.521454
 9120.000000  302.591736
 9124.000000  302.124847
 9128.000000  299.720764
 9132.000000  300.270813
 9136.000000  309.011658
 9140.000000  301.849609
 9144.000000  304.305786
 9148.000000  301.455963
 9152.000000  299.522675
 9156.000000  301.556671
 9160.000000  292.781281
 9164.000000  304.207245
 9168.000000  304.238892
 9172.000000  297.374023
 9176.000000  296.493530
 9180.000000  301.463135
 9184.000000  307.930756
 9188.000000  301.420898
 9192.000000  298.295135
 9196.000000  298.255157
 9200.000000  297.914459
 9204.000000  303.890411
 9208.000000  303.974823
 9212.000000  299.734619
 9216.000000  298.977966
 9220.000000  300.787231
 9224.000000  295.681671
 9228.000000  301.153198
 9232.000000  299.604248
 9236.000000  299.668152
 9240.000000  302.111420
 9244.000000  294.385223
 9248.000000  302.852844
 9252.000000  295.484283
 9256.000000  303.193268
 9260.000000  301.418060
 9264.000000  298.195770
 9268.000000  293.736053
 9272.000000  302.959869
 9276.000000  291.969086
 9280.000000  293.748016
 9284.000000  299.031616
 9288.000000  301.023895
 9292.000000  297.655762
 9296.000000  294.168701
 9300.000000  301.383972
 9304.000000  300.702789
 9308.000000  298.435272
 9312.000000  297.013153
 9316.000000  298.544006
 9320.000000  297.870605
 9324.000000  303.367615
 9328.000000  303.665924
 9332.000000  301.730194
 9336.000000  299.605591
 9340.000000  294.321655
 9344.000000  296.717987
 9348.000000  294.835083
 9352.000000  293.976379
 9356.000000  303.152802
 9360.000000  296.102600
 9364.000000  307.021790
 9368.000000  299.447235
 9372.000000  299.102875
 9376.000000  295.064331
 9380.000000  295.983643
 9384.000000  301.388031
 9388.000000  296.293396
 9392.000000  294.866028
 9396.000000  299.683105
 9400.000000  303.831085
 9404.000000  301.620697
 9408.000000  299.895325
 9412.000000  302.007843
 9416.000000  299.757874
 9420.000000  300.899658
 9424.000000  299.272156
 9428.000000  298.672821
 9432.000000  301.863800
 9436.000000  306.030090
 9440.000000  299.830048
 9444.000000  299.759827
 9448.000000  302.279480
 9452.000000  305.721375
 9456.000000  301.827972
 9460.000000  300.720245
 9464.000000  299.749664
 9468.000000  301.217377
 9472.000000  299.005371
 9476.000000  305.268127
 9480.000000  301.328308
 9484.000000  296.676300
 9488.000000  302.432343
 9492.000000  298.398071
 9496.000000  298.074799
 9500.000000  301.753571
 9504.000000  297.888885
 9508.000000  301.587250
 9512.000000  308.019226
 9516.000000  302.995728
 9520.000000  301.733459
 9524.000000  296.307281
 9528.000000  302.506561
 9532.000000  297.906158
 9536.000000  305.434143
 9540.000000  304.349091
 9544.000000  302.963409
 9548.000000  299.396393
 9552.000000  301.226288
 9556.000000  300.220612
 9560.000000  307.927277
 9564.000000  301.194489
 9568.000000  301.007782
 9572.000000  296.674072
 9576.000000  301.989807
 9580.000000  301.410004
 9584.000000  300.854767
 9588.000000  294.914795
 9592.000000  303.660492
 9596.000000  298.539276
 9600.000000  305.894836
 9604.000000  300.315887
 9608.000000  299.426819
 9612.000000  294.266235
 9616.000000  305.644867
 9620.000000  301.765076
 9624.000000  297.736572
 9628.000000  299.218628
 9632.000000  300.958374
 9636.000000  305.623657
 9640.000000  301.282043
 9644.000000  300.851349
 9648.000000  298.675446
 9652.000000  308.198761
 9656.000000  297.202087
 9660.000000  301.066711
 9664.000000  303.233032
 9668.000000  307.379456
 9672.000000  302.561310
 9676.000000  304.353882
 9680.000000  297.678162
 9684.000000  297.992188
 9688.000000  300.628632
 9692.000000  302.664124
 9696.000000  302.667633
 9700.000000  292.624847
 9704.000000  300.395294
 9708.000000  301.306946
 9712.000000  301.626648
 9716.000000  295.309967
 9720.000000  303.475769
 9724.000000  302.167053
 9728.000000  299.364838
 9732.000000  301.935242
 9736.000000  298.336060
 9740.000000  303.655731
 9744.000000  296.341644
 9748.000000  310.165344
 9752.000000  303.246246
 9756.000000  294.946442
 9760.000000  297.580780
 9764.000000  303.665924
 9768.000000  303.101257
 9772.000000  293.522308
 9776.000000  299.013489
 9780.000000  290.591766
 9784.000000  297.253937
 9788.000000  297.365356
 9792.000000  298.643372
 9796.000000  303.216064
 9800.000000  301.120728
 9804.000000  300.873718
 9808.000000  304.249023
 9812.000000  306.366638
 9816.000000  294.487274
 9820.000000  299.498840
 9824.000000  303.772125
 9828.000000  303.143005
 9832.000000  302.565491
 9836.000000  293.945282
 9840.000000  302.321198
 9844.000000  294.464264
 9848.000000  297.588959
 9852.000000  300.701141
 9856.000000  292.304657
 9860.000000  298.781219
 9864.000000  296.442780
 9868.000000  306.800079
 9872.000000  298.722321
 9876.000000  300.228546
 9880.000000  300.733490
 9884.000000  296.967377
 9888.000000  297.189880
 9892.000000  300.819489
 9896.000000  296.907562
 9900.000000  305.633575
 9904.000000  302.346161
 9908.000000  300.693604
 9912.000000  302.663300
 9916.000000  308.874146
 9920.000000  298.092804
 9924.000000  299.705994
 9928.000000  299.427521
 9932.000000  295.262939
 9936.000000  294.901917
 9940.000000  290.092194
 9944.000000  303.568573
 9948.000000  298.590973
 9952.000000  300.454193
 9956.000000  309.745789
 9960.000000  303.053619
 9964.000000  307.887970
 9968.000000  300.065674
 9972.000000  300.332092
 9976.000000  301.134338
 9980.000000  307.428650
 9984.000000  292.466980
 9988.000000  300.449036
 9992.000000  297.450287
 9996.000000  298.806610
10000.000000  303.595581
